Minimum Sense Count,Maximum Sense Count,Mean Sense Count,Minimum Fitness,Maximum Fitness,Mean Fitness,Minimum Guess0 Count,Maximum Guess0 Count,Mean Guess0 Count,Minimum Guess1 Count,Maximum Guess1 Count,Mean Guess1 Count
0,37.92,0.58804,-100,54,-51.301,0,38.3,0.64754,0,60.74,0.66464
0,37.92,0.73878,-100,66,-20.542,0,38.48,1.05612,0,50.04,1.00136
0,101.46,0.78916,-100,59,10.657,0,32.62,1.36242,0,50.8,1.3396
0,101.72,0.92968,-100,58,33.926,0,41.36,1.56408,0,61.38,1.8047
0,101.36,0.88156,-100,61,42.199,0,41.44,1.77564,0,61.06,2.16822
0,29.68,0.78718,-100,57,42.023,0,43.9,1.7539,0,50.78,2.3063
0,10,0.70652,-100,61,44.929,0,43.82,1.92694,0,50.72,2.32922
0,26.22,0.72652,-100,59,44.82,0,42.24,1.85404,0,76.3,2.38656
0,25.96,0.71736,-100,64,45.609,0,42.2,1.63712,0,76,2.31254
0,25.86,0.672,-100,63,45.035,0,42.14,1.62096,0,76.1,2.1546
0,18.48,0.62846,-100,59,44.192,0,41.9,1.7409,0,50.8,2.0453
0,18.68,0.71006,-100,58,44.354,0,42.08,1.8271,0,50.52,2.22586
0,18.54,0.66224,-100,60,45.361,0,50.98,1.99216,0,50.8,2.41054
0,19.62,0.68572,-100,62,44.605,0,46.2,2.03408,0,50.42,2.09408
0,10,0.67958,-100,56,45.574,0,46.52,2.0185,0,50.54,1.98658
0,16.98,0.64716,-100,64,43.855,0,46.08,1.97654,0,50.44,2.06484
0,17,0.68102,-100,61,44.827,0,45.66,2.04672,0,75.88,2.02114
0,27.34,0.7304,-100,60,44.91,0,25.92,1.92032,0,50.42,1.76092
0,16.5,0.65146,-100,59,43.765,0,26.18,1.70914,0,50.72,1.69634
0,28.38,0.67816,-100,56,44.734,0,25.96,1.7089,0,76.24,1.62864
0,16.4,0.67158,-100,52,45.534,0,26.16,1.71428,0,24.86,1.41734
0,16.24,0.63456,-100,55,44.037,0,25.94,1.68578,0,24.72,1.41174
0,6.14,0.59138,-100,56,43.92,0,20.38,1.68522,0,24.74,1.35214
0,8.04,0.59014,-100,58,45.807,0,37.54,1.7183,0,76.54,1.55148
0,14.42,0.56278,-100,58,45.382,0,30.58,1.7607,0,76.32,1.59148
0,6.66,0.6177,-100,56,45.946,0,38.76,1.7663,0,76.34,1.71716
0,6.4,0.60956,-100,56,45.494,0,30.52,1.75116,0,76.24,1.77654
0,37.86,0.68792,-100,53,45.805,0,61.24,1.78,0,75.82,1.61384
0,37.58,0.6826,-100,60,46.012,0,20.26,1.7505,0,38.54,1.50306
0,37.28,0.75742,-100,56,45.268,0,24.52,1.77378,0,76.22,1.64904
0,42.74,0.74998,-100,64,44.774,0,24.76,1.90596,0,76.5,1.72708
0,14.94,0.70216,-100,59,46.403,0,38.16,2.14024,0,76.4,2.2521
0,15.38,0.6841,-100,61,44.834,0,38.42,2.1587,0,76.16,2.31536
0,29.32,0.75996,-100,54,44.735,0,32.5,2.06908,0,50.42,1.86722
0,29.24,0.90348,-100,58,43.084,0,33.58,2.26168,0,50.76,1.79934
0,17.86,0.82206,-100,58,44.781,0,30.14,2.32046,0,51,2.07298
0,29.94,0.93614,-100,55,44.802,0,31.16,2.40338,0,60.8,2.0951
0,19.02,0.92902,-100,59,44.938,0,38.1,2.29996,0,61.1,2.0481
0,38.14,0.97164,-100,56,45.171,0,50.66,2.35854,0,60.92,2.11118
0,18.8,0.97298,-100,61,44.936,0,76,2.46618,0,60.98,2.38194
0,19.02,0.91988,-100,62,44.09,0,27.68,2.0563,0,38.26,2.07468
0,18.78,0.9346,-100,56,44.008,0,24.38,1.96268,0,38.34,2.34474
0,37.78,1.05258,-100,55,45.26,0,51.16,1.98084,0,60.7,2.3991
0,24.9,1.01458,-100,65,45.885,0,29.62,1.98664,0,60.56,2.31026
0,25.12,1.15172,-100,59,45.962,0,29.62,1.9906,0,60.56,2.16964
0,25.18,1.27382,-100,58,45.053,0,29.52,1.93474,0,60.34,2.05766
0,18.82,1.119,-100,61,44.617,0,18.7,1.7801,0,37.42,1.8725
0,25.14,1.14694,-100,56,43.501,0,23,1.78902,0,24.76,1.86148
0,21.38,1.04328,-100,59,44.124,0,21.18,1.81126,0,30.34,1.7153
0,21.66,1.05056,-100,52,46.131,0,21.26,1.87516,0,30.28,1.98602
0,75.7,1.09762,-100,56,44.873,0,50.34,1.70948,0,30.24,2.1041
0,37.48,1.05292,-100,52,44.448,0,50.52,1.76492,0,33.76,2.11078
0,36.76,1.08054,-100,55,46.759,0,50.92,1.84216,0,33.62,2.35222
0,37.24,1.17642,-100,57,45.278,0,50.22,1.88254,0,37.74,2.28894
0,50.38,1.1926,-100,57,45.221,0,50,1.78432,0,38.36,2.10176
0,37.28,1.18632,-100,56,45.506,0,49.8,1.864,0,38.02,1.96178
0,42.16,1.23456,-100,57,45.938,0,49.9,2.04322,0,33.68,1.9505
0,54.8,1.48388,-100,55,44.745,0,49.98,2.3216,0,33.76,2.04514
0,54.22,1.1736,-100,52,44.373,0,49.76,2.23532,0,34.3,2.0409
0,31.52,1.16646,-100,53,44.513,0,49.76,2.14552,0,34.9,2.07222
0,50.26,1.19826,-100,56,45.594,0,49.6,2.35558,0,38.68,2.09154
0,17.58,1.09242,-100,58,44.597,0,49.84,2.21396,0,44.9,2.24502
0,23.12,1.15542,-100,55,43.353,0,50.18,2.20918,0,44,2.07316
0,23.3,1.2229,-100,56,44.775,0,50.36,2.055,0,39.04,2.19006
0,26.38,1.20198,-100,57,45.571,0,50.04,1.88034,0,43.66,2.1148
0,75.32,1.20102,-100,58,44.443,0,49.8,1.7823,0,30.56,2.06242
0,26.26,1.01396,-100,51,44.071,0,49.46,1.84922,0,38.1,2.31264
0,26.02,0.96782,-100,52,46.533,0,38.42,1.82982,0,37.92,2.40264
0,26.32,0.995,-100,51,45.633,0,38.7,1.84728,0,33.82,2.2416
0,26.2,0.95696,-100,55,46.553,0,38.62,2.03536,0,33.64,2.0327
0,26.02,0.9468,-100,58,45.869,0,38.72,2.11228,0,33.76,2.0148
0,26.4,0.93408,-100,59,45.197,0,37.5,2.04184,0,33.52,2.04666
0,26.24,0.938,-100,51,44.727,0,50.48,1.94162,0,38.6,2.19188
0,44.12,0.84882,-100,52,45.203,0,50.68,1.87632,0,37.96,2.2511
0,37.44,0.95164,-100,56,45.066,0,50.72,1.83466,0,50.56,2.55628
0,37.76,1.03096,-100,56,46.553,0,50.8,1.90194,0,43.46,2.4499
0,37.86,1.04988,-100,56,44.523,0,51.32,1.87264,0,43.44,2.38926
0,37.56,1.02862,-100,55,45.784,0,43.26,1.90034,0,43.52,2.45736
0,37.7,1.11592,-100,60,46.01,0,51.22,1.90734,0,43.48,2.49494
0,37.52,1.04916,-100,54,44.904,0,50.94,2.0203,0,43.26,2.4574
0,34.22,0.97902,-100,58,46.867,0,43.38,1.97094,0,43.14,2.14574
0,34.44,0.956,-100,61,46.759,0,73.1,2.10498,0,43.36,2.28766
0,38.58,0.97834,-100,51,45.319,0,38.54,1.95018,0,43.3,2.37116
0,38.66,1.01316,-100,54,46.108,0,38.68,1.94076,0,65.42,2.55532
0,24.9,0.94254,-100,54,45.931,0,26.04,1.95884,0,66.36,2.8573
0,18.72,0.78746,-100,52,45.298,0,44.12,2.01658,0,65.84,3.20546
0,51.16,0.904,-100,62,45.731,0,38.1,1.88544,0,66.1,3.49794
0,18.88,0.78514,-100,59,43.928,0,37.94,2.04064,0,66.08,3.27368
0,26.8,0.88708,-100,58,45.716,0,38.14,2.12818,0,51.52,3.2912
0,26.8,0.95288,-100,59,44.458,0,28.66,1.8494,0,51.62,2.9862
0,50.86,1.02214,-100,56,44.968,0,43.32,1.98026,0,51.6,3.15664
0,26.9,0.84898,-100,58,45.198,0,38.12,1.86208,0,57.02,3.30586
0,26.74,0.96462,-100,57,44.821,0,37.8,1.64942,0,56.84,2.9994
0,26.44,0.87912,-100,58,45.363,0,25.62,1.71744,0,51.66,2.90516
0,50.34,0.94446,-100,62,45.815,0,25.04,1.57048,0,51.52,3.03328
0,30.64,0.89172,-100,55,45.489,0,50.62,1.67232,0,64.32,3.20494
0,30.82,0.93178,-100,59,46.988,0,50.38,1.71942,0,51.88,3.2175
0,51.48,0.88262,-100,60,45.309,0,50.52,1.8553,0,51.5,2.97052
0,50.76,1.01206,-100,62,46.074,0,50.64,2.05326,0,75.6,3.63806
0,51.42,0.902,-100,56,45.947,0,50.7,2.22614,0,75.92,3.9462
0,51.2,0.91648,-100,59,45.618,0,50.4,2.0343,0,75.82,4.21554
0,51.12,0.99596,-100,59,46.831,0,35.94,1.77944,0,76.12,4.20466
0,51.4,1.01958,-100,52,46.381,0,30.24,1.6862,0,76.5,4.3364
0,51.14,1.15554,-100,60,47.317,0,25.22,1.69484,0,76.5,4.4517
0,51.24,1.0971,-100,58,44.748,0,25.24,1.7504,0,75.98,3.99488
0,51.32,1.0716,-100,57,48.058,0,25.08,1.8661,0,76.12,3.79464
0,51.08,1.14548,-100,54,46.02,0,33.28,1.88342,0,65.18,3.95916
0,50.94,1.18094,-100,56,45.356,0,32.92,2.04928,0,64.96,4.13734
0,50.72,1.10884,-100,59,46.464,0,50.22,2.13504,0,51.36,3.83024
0,50.82,1.02584,-100,55,46.051,0,51.02,2.26054,0,76.36,3.84466
0,51.26,1.04064,-100,55,46.392,0,51.14,2.25246,0,50.58,3.71598
0,38.06,0.98484,-100,55,45.325,0,50.64,2.0651,0,44.12,3.78392
0,38.08,1.00278,-100,54,46.844,0,51.62,2.13696,0,44.24,3.6557
0,37.72,1.14238,-100,57,46.681,0,52.84,2.4292,0,44.16,3.33732
0,30.02,1.09136,-100,56,46.36,0,51.2,2.08136,0,38.9,3.5147
0,29.7,1.19688,-100,60,46.663,0,50.62,1.82628,0,51.14,3.45784
0,29.72,1.21756,-100,58,46.096,0,50.28,1.81282,0,60.4,3.45806
0,29.84,1.17472,-100,58,46.53,0,42.32,1.76872,0,42.84,3.27634
0,29.96,1.2141,-100,51,47.435,0,37.44,1.66662,0,38.58,3.37176
0,49.5,1.2101,-100,50,46.094,0,41.98,1.7856,0,38.36,3.03644
0,49.82,1.34712,-100,51,46.096,0,42.02,1.88648,0,38.5,3.17928
0,75.08,1.36318,-100,51,44.88,0,76.82,2.02882,0,38.26,2.9327
0,30.04,1.30528,-100,50,46.228,0,30.86,1.96628,0,38.52,2.94362
0,51.2,1.45208,-100,53,44.898,0,51.3,2.058,0,38.86,2.96342
0,42.44,1.4145,-100,52,45.937,0,51.4,2.18184,0,38.54,3.04672
0,50.56,1.46788,-100,55,47.31,0,42.22,2.07968,0,38.7,3.03418
0,30.28,1.38116,-100,55,46.564,0,76.38,1.95886,0,38.9,2.8663
0,30.6,1.5575,-100,53,46.703,0,76.24,2.16888,0,38.62,2.75902
0,29.94,1.33378,-100,52,45.888,0,50.82,2.11048,0,38.7,2.48654
0,30.02,1.33926,-100,57,45.587,0,60.02,2.19826,0,38.68,2.19138
0,37.5,1.29544,-100,53,46.017,0,60.58,2.12608,0,38.58,2.50542
0,37.52,1.21484,-100,55,47.907,0,38.36,2.05498,0,43,2.71264
0,29.82,1.04982,-100,55,46.406,0,38.22,2.34034,0,76.42,2.66124
0,30.28,1.19138,-100,59,44.993,0,50.46,2.24426,0,76.24,2.95398
0,30.16,1.2673,-100,56,46.391,0,51.32,2.21748,0,76.3,3.02868
0,37.5,1.30976,-100,53,44.87,0,76.44,2.06032,0,76.44,3.1263
0,37.52,1.29688,-100,60,46.32,0,77.02,1.94552,0,76.62,2.85778
0,29.82,1.13138,-100,62,46.549,0,76.64,1.94838,0,76.1,2.91646
0,30.06,1.10138,-100,54,46.099,0,50.4,1.78994,0,76.48,2.6395
0,29.4,1.12566,-100,56,46.859,0,50.42,1.95866,0,76.04,2.71262
0,37.36,1.10904,-100,50,46.409,0,38.48,1.88988,0,76.4,2.4438
0,24.68,1.02616,-100,59,45.811,0,50.5,2.0368,0,76.46,2.46228
0,24.6,1.0748,-100,53,46.703,0,50.38,2.15982,0,76.02,2.26822
0,38.96,1.0105,-100,53,45.185,0,50.22,2.06044,0,76.34,2.2549
0,76.26,1.06772,-100,58,46.53,0,50.58,1.9041,0,76.5,2.56458
0,50.38,1.094,-100,57,43.904,0,50.68,1.7931,0,75.72,2.56044
0,19.6,0.95994,-100,61,45.477,0,50.48,1.95928,0,50.54,2.25552
0,19.6,0.89096,-100,55,45.965,0,50.48,1.90046,0,50.68,2.17516
0,19.52,0.8393,-100,64,46.398,0,50.44,2.06212,0,76.48,2.178
0,41.18,0.86132,-100,55,44.653,0,50.68,2.10044,0,76.02,2.09766
0,47.18,0.87794,-100,57,45.94,0,50.68,2.282,0,75.62,2.09886
0,25.64,0.80668,-100,53,47.296,0,50.46,2.09388,0,57.02,2.2113
0,22.94,0.91914,-100,56,46.243,0,50.66,1.93518,0,50.1,2.14346
0,22.26,0.88868,-100,58,46.39,0,75.32,1.99302,0,37.96,2.02276
0,22.56,0.92672,-100,54,45.799,0,75.98,1.91114,0,38.38,2.26992
0,23.96,0.97044,-100,60,44.752,0,75.36,1.97052,0,43.16,2.41598
0,34.02,1.04158,-100,54,46.926,0,75.88,2.22456,0,43.32,2.82232
0,28.48,1.07692,-100,54,46.098,0,75.36,2.10062,0,50.48,2.85976
0,28.32,1.16566,-100,53,44.757,0,50.64,2.06286,0,56.1,3.26184
0,28.44,1.4377,-100,56,46.846,0,50.48,2.46324,0,55.94,3.50588
0,36.06,1.39782,-100,54,46.366,0,50.54,2.64624,0,50.16,3.4237
0,34.3,1.4042,-100,55,46.293,0,50.84,2.75944,0,38.24,3.5796
0,28.1,1.3738,-100,60,47.267,0,75.78,2.8347,0,56.2,3.50096
0,38.26,1.18098,-100,58,45.067,0,75.68,2.8068,0,56.2,3.28892
0,50.1,1.2185,-100,55,44.447,0,76.28,2.74738,0,61.44,3.37904
0,38.06,1.21212,-100,57,45.037,0,76.34,2.58844,0,61.6,3.3293
0,38.02,1.01688,-100,60,47.003,0,76.66,2.75644,0,61.76,3.09032
0,28.1,0.99348,-100,58,44.609,0,76.08,2.63802,0,61.9,3.44184
0,25.74,1.00298,-100,56,46.401,0,76.64,3.34764,0,74.84,3.68696
0,25.76,0.94104,-100,58,46.264,0,76.48,3.39312,0,61.96,3.66698
0,25.7,0.85506,-100,56,46.93,0,76.3,3.08046,0,69.9,3.82346
0,25.74,0.7846,-100,59,47.735,0,76.32,3.10112,0,75.4,3.70714
0,30.42,0.79772,-100,56,47.741,0,76.8,3.18324,0,75.56,3.74442
0,14.8,0.7289,-100,55,45.941,0,76.52,2.82558,0,61.74,3.39788
0,38.2,0.79684,-100,56,45.802,0,76.42,2.8376,0,61.74,3.29792
0,38.4,0.85198,-100,57,46.697,0,76.5,2.8867,0,61.82,3.47312
0,30.08,0.74248,-100,54,45.5,0,76.12,2.8549,0,61.52,3.49028
0,15.02,0.67876,-100,64,47.018,0,76.18,2.45764,0,61.6,3.86282
0,22.66,0.67112,-100,55,46.837,0,65.44,2.26412,0,61.18,3.8305
0,22.76,0.65704,-100,56,46.998,0,65.02,2.3622,0,76.18,3.66806
0,51.14,0.78628,-100,59,44.612,0,65.22,2.30844,0,76.8,3.98968
0,51.08,0.85668,-100,60,44.614,0,65.14,2.49208,0,76.18,4.14866
0,51.48,0.73258,-100,56,46.004,0,65.18,2.76078,0,61.12,4.474
0,51.2,0.81856,-100,58,46.846,0,65.44,2.99272,0,76.54,4.5486
0,51.42,0.82634,-100,57,46.777,0,65.22,3.1031,0,75.72,4.9574
0,76.28,0.7671,-100,58,46.26,0,65.18,3.52028,0,76.32,5.12746
0,19.76,0.69374,-100,56,47.278,0,65.38,3.5801,0,76.64,5.17352
0,30.46,0.69602,-100,62,46.56,0,76.24,3.6815,0,76.58,5.4293
0,50.86,0.8033,-100,61,47.046,0,76.04,3.9704,0,76.66,5.23232
0,76.4,1.02114,-100,56,46,0,75.88,4.05346,0,62.08,5.71498
0,51.28,1.02082,-100,55,47.433,0,76.44,3.75188,0,61.78,5.06174
0,51.08,1.0139,-100,57,46.388,0,75.44,3.12744,0,62.06,4.7443
0,51.02,0.92856,-100,55,47.037,0,51.1,2.93532,0,76.78,4.6247
0,51.48,1.11206,-100,54,46.857,0,50.94,3.25832,0,76.68,4.07574
0,51.18,1.20868,-100,58,45.951,0,51.26,3.11752,0,76.46,3.3786
0,51.18,1.13268,-100,64,45.739,0,50.64,3.02446,0,61.56,3.31838
0,61.38,1.34046,-100,56,45.421,0,51.26,2.69452,0,75.6,3.9352
0,61.9,1.26368,-100,57,45.804,0,50.82,2.7116,0,61.16,4.03514
0,61.76,1.203,-100,57,46.692,0,50.44,2.83298,0,61.58,4.56562
0,51.54,1.28268,-100,57,46.606,0,33.14,2.6913,0,76.92,4.53184
0,64.94,1.21856,-100,56,45.451,0,50.94,2.56474,0,76.54,4.2379
0,71.34,1.52366,-100,59,45.045,0,51.02,2.35964,0,76.78,4.47928
0,43.52,1.34062,-100,56,45.5,0,51.14,2.57912,0,61.76,3.94954
0,44.08,1.3826,-100,55,46.487,0,43.98,2.551,0,66.14,3.63004
0,76.12,1.26446,-100,57,46.42,0,51.52,2.6324,0,62.18,3.34154
0,43.56,1.36854,-100,56,45.052,0,41.56,2.5231,0,61.98,3.3108
0,43.4,1.42526,-100,56,46.526,0,38.16,2.71672,0,61.28,3.41006
0,38,1.23628,-100,56,47.142,0,38.38,2.6166,0,60.74,3.43628
0,30.88,1.19198,-100,56,46.781,0,36.78,2.60068,0,60.92,3.86218
0,31.04,1.17194,-100,61,45.799,0,75.68,2.47746,0,76.48,4.29606
0,50.34,1.25688,-100,58,46.331,0,30.76,2.5217,0,76.18,3.58194
0,30.02,1.059,-100,54,44.882,0,49.56,2.66296,0,75.6,3.57302
0,29.88,1.02372,-100,54,46.716,0,44.36,2.35234,0,76.34,3.61592
0,42.3,1.08698,-100,53,45.852,0,25.82,2.02658,0,76.18,4.30484
0,30.02,1.04144,-100,55,45.341,0,51.1,1.94612,0,76.22,3.61298
0,30,0.9185,-100,52,45.464,0,46,1.95756,0,76.76,3.42234
0,29.92,0.90428,-100,55,45.791,0,40.98,1.87686,0,75.98,3.31866
0,42.36,1.09018,-100,53,46.197,0,46.12,1.7995,0,76.28,2.95972
0,42.52,1.07712,-100,55,45.497,0,75.86,1.79036,0,76.48,2.91524
0,42.16,1.0769,-100,58,46.713,0,45.84,1.74258,0,75.88,2.99238
0,33,1.1245,-100,54,46.278,0,51.26,1.93862,0,76.04,2.96692
0,32.82,1.18382,-100,62,45.66,0,29.94,1.9126,0,76,3.04044
0,29.86,1.07924,-100,58,45.216,0,29.76,1.81038,0,75.96,3.2657
0,29.96,1.19816,-100,63,44.871,0,29.8,1.87956,0,76.2,3.68294
0,29.98,1.19072,-100,60,46.482,0,51.44,1.9308,0,76.34,3.91702
0,76.12,1.31086,-100,60,45.529,0,38.84,1.98344,0,91.08,3.93656
0,33.64,1.31654,-100,60,44.581,0,38.54,2.26238,0,90.96,3.70426
0,29.84,1.51464,-100,62,46.298,0,38.84,2.6776,0,90.86,3.71832
0,24.86,1.26452,-100,57,45.649,0,50.88,2.6235,0,76.32,3.45524
0,34.06,1.20354,-100,62,46.508,0,50.3,2.89368,0,75.6,3.49568
0,51.4,1.1459,-100,58,46.098,0,51.36,2.54264,0,76.06,3.4645
0,51.36,1.1177,-100,61,44.308,0,51.34,2.59444,0,60.8,3.28704
0,51.48,1.45126,-100,55,46.74,0,51.26,2.9383,0,60.94,3.2075
0,51.2,1.31124,-100,52,46.99,0,51.22,2.97308,0,60.2,2.98004
0,75.94,1.1689,-100,55,46.549,0,51.18,2.74466,0,101.74,2.91318
0,51.38,1.19358,-100,53,43.535,0,51.32,2.8852,0,76.18,3.20028
0,76.28,1.03068,-100,58,45.35,0,75.54,2.99644,0,76.08,3.1107
0,50.98,1.03812,-100,56,46.129,0,76.98,2.5694,0,76.02,3.25436
0,51.34,0.90576,-100,61,44.885,0,76.32,2.57442,0,76.24,2.96998
0,51.3,1.0132,-100,57,44.009,0,75.94,2.55204,0,75.7,2.69656
0,51.36,1.10376,-100,55,44.583,0,76.2,2.48314,0,76.8,2.72954
0,51.42,0.95194,-100,59,46.561,0,76.42,2.30596,0,60.18,2.38922
0,14.9,0.69994,-100,55,45.354,0,76.48,2.32918,0,61,2.30284
0,12.2,0.69334,-100,57,45.892,0,76.24,2.17316,0,60.02,2.33442
0,26.06,0.68366,-100,54,46.1,0,76.22,2.16484,0,60.1,2.66346
0,16.44,0.59578,-100,51,44.585,0,76,2.02416,0,59.68,2.36312
0,20.84,0.66946,-100,54,44.372,0,50.14,1.62126,0,50.94,2.66314
0,20.9,0.57024,-100,54,45.956,0,75.52,1.57812,0,50.64,2.3322
0,16.56,0.59904,-100,52,45.944,0,76.22,1.7933,0,50.5,2.58374
0,28.56,0.58786,-100,54,45.935,0,76.02,1.70854,0,76.62,2.59958
0,27.42,0.46028,-100,55,45.976,0,76.36,1.87194,0,49.96,2.31866
0,27.54,0.44952,-100,58,46.923,0,76.64,1.94208,0,49.8,2.40096
0,27.4,0.39476,-100,55,45.599,0,50.78,1.76466,0,49.48,2.5773
0,9.92,0.3774,-100,56,46.713,0,50.76,1.74686,0,50.38,2.7883
0,11.5,0.30916,-100,52,47.146,0,50.78,1.66466,0,50.58,2.7314
0,18.14,0.32774,-100,51,44.294,0,50.56,1.5718,0,50.44,2.57886
0,12.3,0.30438,-100,55,45.995,0,50.88,1.55896,0,50.86,2.75314
0,22.44,0.39452,-100,56,46.318,0,50.82,1.53334,0,51.16,3.25508
0,22.56,0.4019,-100,58,46.408,0,50.58,1.49928,0,50.7,3.2464
0,30.82,0.41798,-100,52,46.526,0,50.86,1.59876,0,76.22,3.00766
0,19.32,0.42712,-100,51,45.454,0,50.96,1.69718,0,75.88,2.89824
0,18.28,0.47444,-100,53,45.949,0,50.92,1.57374,0,76.22,2.76238
0,16.52,0.44792,-100,54,46.372,0,76.5,1.74824,0,50.74,2.59716
0,21.74,0.53044,-100,56,46.535,0,76.18,1.62332,0,50.88,2.63754
0,19.82,0.61802,-100,56,44.747,0,76.22,1.66678,0,76.38,2.89162
0,19.56,0.55626,-100,55,46.199,0,75.96,1.67608,0,51.38,2.82272
0,20.48,0.4734,-100,60,45.355,0,64.38,1.58314,0,51.32,2.99888
0,19.7,0.47732,-100,55,44.462,0,64.84,1.60194,0,51.34,3.19728
0,23.68,0.53768,-100,57,44.244,0,64.84,1.84652,0,50.5,2.48916
0,20.8,0.55466,-100,50,44.124,0,65.14,2.17762,0,50.5,2.68244
0,18.74,0.58648,-100,55,45.716,0,50.98,1.96036,0,59.86,2.79768
0,19.66,0.5783,-100,50,45.64,0,60.42,1.98048,0,50.48,2.7242
0,38.58,0.60662,-100,51,44.751,0,60.84,1.912,0,50.66,2.59238
0,24.96,0.53128,-100,54,45.13,0,51.3,2.02828,0,50.74,2.27578
0,22.48,0.55912,-100,56,46.352,0,75.54,1.79128,0,50.5,2.57234
0,38.66,0.60698,-100,60,45.994,0,76.12,1.99282,0,50.6,2.84542
0,22.68,0.5869,-100,63,46.235,0,75.7,1.97896,0,75.68,3.01278
0,28.08,0.50438,-100,60,46.121,0,76.6,2.09498,0,76.52,2.70908
0,27.82,0.56928,-100,55,46.272,0,75.9,2.07322,0,76.02,2.5627
0,28.08,0.55816,-100,58,45.806,0,76.38,2.42594,0,76.02,2.77144
0,30.5,0.64348,-100,63,45.051,0,75.98,1.94932,0,51.02,2.56222
0,30.84,0.705,-100,59,45.361,0,76.3,2.02546,0,50.74,2.60848
0,28.38,0.70534,-100,57,46.998,0,38.44,1.84434,0,50.72,2.76774
0,28.6,0.81606,-100,63,46.63,0,35.62,1.62432,0,50.76,2.7298
0,26.62,0.78874,-100,60,46.585,0,75.84,1.834,0,50.34,2.65138
0,26.8,0.77634,-100,66,45.291,0,75.46,1.67316,0,50.5,2.60446
0,26.62,0.81942,-100,62,44.489,0,75.56,1.93984,0,50.36,2.7814
0,50.42,0.96114,-100,63,46.232,0,75.82,2.48598,0,76.1,2.7167
0,26.58,0.90076,-100,61,46.348,0,76.06,2.48658,0,75.62,2.75842
0,29.88,0.98294,-100,59,43.99,0,76.34,2.5182,0,76.36,2.54606
0,26.52,0.97144,-100,55,45.449,0,75.62,2.35884,0,43.1,2.4541
0,25.64,0.88348,-100,60,45.337,0,75.48,2.2218,0,43.42,2.35846
0,29.96,1.1296,-100,63,46.111,0,60.7,2.24028,0,43.04,2.80176
0,26.04,1.06314,-100,58,46.381,0,61.36,2.38634,0,76.24,2.83278
0,50.96,0.94898,-100,55,46.384,0,61.28,2.3232,0,76.14,2.7831
0,29.74,0.92518,-100,59,45.125,0,75.78,2.25092,0,76.36,2.97476
0,31.08,0.83422,-100,57,44.157,0,67.62,2.14776,0,76.48,3.1201
0,31.16,0.80362,-100,57,46.851,0,67.56,2.16432,0,76.2,2.97806
0,35.36,0.82274,-100,56,45.767,0,68.06,2.1379,0,76.56,3.22004
0,22.98,0.709,-100,58,47.015,0,67.68,2.0932,0,76.1,2.90602
0,76.56,0.83262,-100,54,45.351,0,67.12,2.04708,0,76.12,2.66032
0,25.54,0.8728,-100,55,46.084,0,71.92,2.20806,0,75.86,2.80638
0,27.58,0.84502,-100,59,45.613,0,72,2.25618,0,76.42,2.63452
0,30.48,1.04866,-100,56,47.063,0,71.12,2.5154,0,76.28,2.68248
0,30.6,0.91298,-100,59,46.244,0,71.52,2.49652,0,76.28,2.46788
0,27.74,0.97884,-100,57,45.495,0,51.14,2.0107,0,50.46,2.60844
0,30.9,1.10316,-100,60,46.551,0,42.1,2.11488,0,30.98,2.83294
0,37.42,1.21104,-100,61,46.07,0,51.18,2.18632,0,32.12,2.92066
0,31.18,1.23704,-100,58,46.411,0,50.98,2.3911,0,38.46,2.8991
0,31.14,1.28558,-100,67,47.991,0,41.92,2.33756,0,50.12,2.81202
0,75.86,1.43612,-100,74,45.593,0,40.26,2.44934,0,50.26,2.74652
0,37.74,1.58932,-100,77,46.29,0,50.46,2.63556,0,75.54,2.84942
0,38.18,1.59524,-100,76,46.151,0,50.4,2.43964,0,38.44,2.34836
0,51.72,1.94902,-100,75,45.821,0,50.56,2.54248,0,37.24,2.4777
0,76.64,2.6108,-100,76,47.524,0,39.06,2.97864,0,38.64,2.70442
0,34.4,2.64086,-100,77,47.586,0,34.2,3.17914,0,61.18,2.45312
0,34.66,3.50208,-100,79,50.045,0,50.72,3.73046,0,61.22,2.48532
0,76.24,4.21636,-100,82,50.735,0,51.04,4.20088,0,38.92,2.23744
0,76.18,5.2978,-100,81,53.042,0,50,5.45618,0,50.44,2.1313
0,75.8,5.78854,-100,80,54.964,0,46.74,5.69376,0,38.52,1.8948
0,76.76,5.83576,-100,80,56.641,0,76.78,5.60022,0,30.6,1.35122
0,51.3,6.36346,-100,80,57.569,0,55.76,5.99518,0,30.7,1.0749
0,35.22,6.91754,-100,84,60.758,0,29.76,6.51806,0,11.42,0.89746
0,51.2,6.4925,-100,82,61.651,0,29.98,5.91518,0,10.18,0.71072
0,76.44,6.91062,-100,80,62.949,0,29.7,6.36358,0,14.48,0.7205
0,76.42,6.3485,-100,82,64.707,0,30.08,5.84072,0,21.64,0.78538
0,75.64,7.14286,-100,81,64.045,0,28.28,6.50812,0,18.36,0.68218
0,34.2,6.04076,-100,78,65.963,0,25.48,5.74024,0,13.48,0.6403
0,38.78,5.73928,-100,76,64.2,0,38.62,5.5342,0,13.8,0.58798
0,37.18,5.64794,-100,81,66.478,0,30.1,5.56902,0,24.66,0.6443
0,75.64,6.00236,-100,80,59.875,0,24.86,5.62574,0,24.6,0.51296
0,75.54,6.102,-100,83,65.604,0,33.92,5.69318,0,24.62,0.58888
0,26.14,5.9079,-100,82,61.303,0,43.74,5.6947,0,6.6,0.51364
0,76.48,5.80898,-100,78,63.261,0,43.34,5.4403,0,6.66,0.58804
0,26.24,6.13548,-100,81,62.562,0,32.9,5.83134,0,19.8,0.57458
0,51.18,5.83544,-100,82,67.145,0,25.04,5.45538,0,12.04,0.65832
0,38.28,6.19466,-100,77,63.599,0,37.12,5.9831,0,12.96,0.61166
0,34.82,5.70064,-100,79,67.415,0,30.14,5.4939,0,18.42,0.68446
0,38.82,5.49022,-100,80,64.123,0,28.46,5.37474,0,14.64,0.58466
0,75.72,5.86428,-100,85,71.482,0,30.4,5.85248,0,14.52,0.81444
0,38.3,5.58332,-100,84,64.491,0,37.64,5.5028,0,22.34,0.6487
0,76.46,6.64042,-100,81,65.379,0,49.9,6.55808,0,7.92,0.62752
0,38.48,5.1141,-100,79,63.747,0,33.32,4.89012,0,18.32,0.59702
0,75.72,6.46294,-100,81,66.824,0,27.4,6.0969,0,13.04,0.6422
0,50.88,6.8576,-100,10018,79.023,0,25.3,6.47634,0,24.64,0.73108
0,50.92,5.38236,-100,10017,75.905,0,29.62,5.1455,0,24.6,0.62576
0,30.36,6.06152,-100,79,63.465,0,24.6,5.8283,0,17.2,0.66524
0,50.2,6.79714,-100,80,65.988,0,37.98,6.71168,0,18.42,0.71954
0,51.48,6.43596,-100,85,58.295,0,37.52,6.12574,0,21.04,0.57578
0,31.04,6.03374,-100,79,62.985,0,33.16,6.12972,0,14.68,0.61582
0,26.04,6.25198,-100,78,65.613,0,30.28,6.31574,0,8.26,0.6857
0,75.86,6.26132,-100,78,65.296,0,30.14,6.2996,0,12.06,0.6353
0,38.48,6.06514,-100,80,65.155,0,25.48,6.19102,0,12.94,0.63016
0,50.9,6.29022,-100,78,62.05,0,37.58,6.38922,0,10.1,0.6
0,75.9,5.38066,-100,81,60.428,0,42.46,5.52956,0,8.46,0.57724
0,75.72,6.502,-100,78,62.648,0,75.84,6.53904,0,17.6,0.69934
0,51.06,5.63642,-100,84,60.513,0,38.64,5.7461,0,18.42,0.62926
0,50.9,6.57758,-100,83,60.002,0,39.04,6.62516,0,11.88,0.5517
0,76.52,6.47738,-100,76,62.113,0,37.38,6.23448,0,7.14,0.60814
0,75.98,5.79088,-100,81,61.951,0,24.92,5.48526,0,8.48,0.67554
0,38.54,6.38824,-100,79,64.027,0,36.36,6.30602,0,7.32,0.67632
0,50.3,6.09922,-100,81,61.281,0,36.66,5.94618,0,15.7,0.72502
0,76.06,6.2201,-100,78,64.924,0,36.48,6.1106,0,16.34,0.96902
0,51.32,6.2499,-100,79,63.518,0,30.34,6.17246,0,8.22,0.81454
0,50.94,6.86868,-100,84,66.248,0,32.84,6.84074,0,16.24,0.95118
0,76.64,6.42112,-100,79,65.491,0,32.94,6.41188,0,7.96,0.89738
0,76.24,6.17664,-100,80,63.524,0,37.18,6.17086,0,17.46,0.91706
0,50.72,6.412,-100,86,63.537,0,30.12,6.51454,0,17.38,0.83104
0,50.7,6.49442,-100,90,66.178,0,30.32,6.6012,0,10.04,0.8449
0,51.16,6.13576,-100,88,66.014,0,49.68,6.36702,0,7.48,0.8845
0,75.68,6.70084,-100,10054,72.415,0,29.86,6.90344,0,17.4,0.74452
0,51.3,6.10586,-100,10054,85.644,0,38.12,6.38458,0,17.46,0.90702
0,51.6,6.33536,-100,10054,86.008,0,38.16,6.69178,0,17.46,0.86982
0,75.92,6.05204,-100,10054,82.865,0,76.26,6.48172,0,18.42,0.71536
0,75.66,6.25516,-100,10054,96.125,0,42.72,7.01282,0,9.58,0.69786
0,51.04,6.40072,-100,10054,87.782,0,50.52,7.18206,0,16.14,0.83548
0,51.44,6.41696,-100,10054,86.446,0,49.46,7.15432,0,14.46,0.78828
0,38.12,5.59298,-100,10053,71.766,0,44.94,6.4429,0,13.42,0.6347
0,61.26,5.63066,-100,10053,105.879,0,41.86,6.3694,0,12.9,0.81988
0,51.34,6.22476,-100,10052,94.793,0,41.1,7.00772,0,76.64,0.88962
0,38.74,6.30892,-100,10053,106.196,0,37.76,7.10188,0,75.96,0.88924
0,76.04,7.20128,-100,10054,142.956,0,37.24,7.90628,0,8.96,0.7199
0,76.72,6.68088,-100,10055,163.841,0,37.24,7.36328,0,37.2,0.76678
0,38.86,6.23164,-100,10054,182.661,0,75.94,6.99234,0,75.52,0.76632
0,76.04,7.02302,-100,10055,213.661,0,41.42,7.56918,0,7.24,0.77052
0,50.98,6.40404,-100,10055,253.627,0,38.56,7.01484,0,29.72,0.7992
0,51.1,6.59112,-100,10055,263.314,0,42.62,7.2539,0,11.98,0.78792
0,75.72,6.74574,-100,10056,282.327,0,49.72,7.32814,0,19.34,0.76368
0,76.36,7.3712,-100,10056,340.105,0,50.38,7.43548,0,12.94,0.7827
0,51.28,7.68844,-100,10057,413.298,0,30.04,7.82788,0,21.42,0.99742
0,51.48,7.68282,-100,10057,412.939,0,38.3,7.3406,0,10.04,1.01732
0,51,7.55778,-100,10057,443.489,0,29.98,7.474,0,37.46,1.2077
0,75.14,7.91546,-100,10060,499.574,0,75.54,6.99296,0,26.62,1.27702
0,76.34,8.7071,-100,10059,650.151,0,76.2,7.95806,0,21.7,1.31392
0,51.3,8.23028,-100,10059,760.245,0,38.06,7.36462,0,16.84,1.41412
0,51.46,7.91958,-100,10061,740.443,0,33.02,6.78128,0,14.8,1.375
0,76.52,9.11304,-100,10062,821.281,0,38.04,7.94962,0,15.54,1.2982
0,76.08,8.45588,-100,10061,921.148,0,37.74,7.3137,0,11.74,1.3102
0,75.94,8.5601,-100,10059,1138.12,0,49.94,7.20644,0,13.82,1.27136
0,76.2,9.28372,-100,10060,1247.26,0,37.92,7.93794,0,26.04,1.26622
0,0,-nan,0,0,-nan,0,0,-nan,0,0,-nan
